10.5,15.2;25.3,35.1;1
40.4,50.5;20.7,30.9;2
55.9,66.3;70.1,40.4;4
15.8,20.3;75.9,35.2;6
60.7,40.3;25.6,65.8;7
30.2,20.9;50.1,60.7;9
72.1,55.3;10.2,20.4;11
25.6,30.5;15.1,50.8;12
55.1,45.6;30.8,75.9;13
60.3,70.2;45.9,20.8;16
80.1,25.6;15.3,35.9;17
20.5,60.7;50.9,70.2;18
35.4,55.8;25.1,45.3;20
45.7,20.4;60.8,30.5;24
65.2,35.3;25.4,55.7;25
30.7,20.8;60.5,40.9;26
70.8,35.4;25.9,50.1;27
50.5,40.3;30.7,60.2;28
15.2,25.8;45.1,30.5;31
75.3,20.7;60.4,55.9;33
40.1,30.6;25.8,50.9;35
50.9,25.1;75.4,20.7;36
30.8,60.5;20.9,40.1;38
65.4,50.8;25.2,35.9;41
55.7,20.3;35.8,50.9;42
20.9,60.3;55.1,25.4;43
45.6,70.2;30.5,20.9;44
75.1,35.6;25.7,45.9;46
25.2,50.4;65.3,30.8;47
60.9,45.1;20.4,55.3;48
55.6,25.7;35.3,20.9;49
50.4,75.1;30.6,40.5;50
40.5,55.9;20.8,30.6;51
25.9,60.5;70.4,30.2;53
35.2,40.7;25.1,60.3;55
60.1,70.4;45.2,25.7;56
20.3,50.1;35.4,60.9;57
75.6,45.3;30.9,20.8;58
65.1,20.7;50.2,30.4;63
55.3,25.8;35.7,45.6;64
45.8,70.1;20.5,60.7;65
30.9,50.8;75.2,25.3;66
70.4,25.6;55.8,30.5;67
50.1,60.7;40.6,20.8;68
65.6,45.2;25.5,55.1;73
20.6,70.4;55.7,25.3;74
50.2,30.9;25.8,40.7;75
45.9,55.3;20.7,60.8;76
25.3,65.4;40.2,50.5;78
60.5,30.1;25.6,20.4;79
35.9,45.8;50.4,25.3;80
55.2,40.6;20.5,35.9;82
75.4,30.2;25.1,50.3;86
20.8,55.9;45.3,40.6;87
30.4,25.7;50.9,40.2;88
65.5,35.4;20.6,50.1;91
25.4,40.9;70.3,30.8;92
40.7,55.1;20.9,60.5;93
55.9,20.4;25.5,35.2;95
60.2,25.9;45.1,55.3;99
